Um
0 1 0 0 0 1 0 0 0 1 0 0 0 0 0 0 x
0 0 0 0 0 1 1 0 0 1 0 0 0 0 0 0 !
0 0 1 0 0 1 1 0 0 0 1 0 0 0 0 0 !
0 1 0 0 0 1 0 0 0 1 1 0 0 0 0 0 x 

Zero
0 0 0 0 0 1 1 0 0 1 1 0 0 0 0 0 !
1 1 0 0 1 1 0 0 0 0 0 0 0 0 0 0 !
0 0 1 0 0 1 1 0 0 1 1 0 0 0 0 0 x 
0 0 0 0 0 1 1 1 0 1 1 1 0 0 0 0 ! 


Conjunto de treinamento 

0 0 1 0 0 1 1 0 0 1 1 0 0 0 0 0   # Número 1
0 0 1 0 0 0 1 0 0 0 1 0 0 0 1 0   # Número 1
0 0 1 0 0 1 1 0 0 0 1 0 0 0 0 0   # Número 1
0 1 0 0 1 1 0 0 0 1 0 0 1 1 1 0   # Número 1
0 1 1 0 0 1 1 0 0 1 1 0 0 1 1 0   # Número 0
1 1 1 0 1 0 0 1 1 0 0 1 1 1 1 0   # Número 0
0 0 0 0 0 1 1 0 0 1 1 0 0 0 0 0   # Número 0
1 1 1 1 1 0 0 1 1 0 0 1 1 1 1 1   # Número 0